1,2
2,3
3,5
5,4
4,1
5,6
3,7
2,8
1,9
4,10
1,11
1,12
2,13
2,14
3,15
3,16
4,17
4,18
5,19
1,20
1,21
2,22
2,23
3,24
3,25
4,26
4,27
5,28
5,29
1,30
1,31
2,32
2,33
3,34
3,35
4,36
4,37
5,38
5,39
1,40
1,41
2,42
2,43
3,44
3,45
4,46
4,47
5,48
5,49
1,50
1,51
2,52
2,53
3,54
3,55
4,56
4,57
5,58
5,59
1,60
1,61
2,62
2,63
2,64
3,65
3,66
3,67
4,68
5,69
1,70
1,71
2,72
2,73
3,74
3,75
4,76
5,77
5,78
5,79
1,80
1,81
1,82
1,83
1,84
2,85
2,86
2,87
2,88
2,89
3,90
3,91
3,92
3,93
3,94
3,95
4,96
4,97
5,98
5,99
1,100
1,101
1,102
1,103
1,104
1,105
1,106
1,107
1,108
2,109
2,110
2,111
2,112
2,113
2,114
2,115
2,116
2,117
2,118
2,119
2,120
2,121
3,122
3,123
3,124
3,125
3,126
3,127
3,128
3,129
3,130
3,131
3,132
3,133
3,134
3,135
3,136
3,137
3,138
4,139
4,140
4,141
4,142
4,143
5,144
5,145
5,146
5,147
5,148
5,149
1,150
1,151
1,152
1,153
1,154
1,155
1,156
1,157
1,158
2,159
2,160
2,161
2,162
2,163
2,164
2,165
2,166
2,167
2,168
2,169
2,170
3,171
3,172
3,173
3,174
3,175
3,176
3,177
3,178
3,179
4,180
4,181
4,182
4,183
4,184
4,185
4,186
4,187
4,188
5,189
5,190
5,191
5,192
5,193
5,194
5,195
5,196
5,197
5,198
5,199
1,200
1,201
1,202
1,203
1,204
1,
1,
1,
1,
1,
1,
1,
1,
1,
1,
1,
1,
1,
1,
1,
1,
1,
1,
1,
1,
1,
1,
2,
2,
2,
2,
2,
2,
2,
2,
2,
2,
2,
2,
2,
2,
3,
3,
3,
3,
3,
3,
3,
3,
3,
3,
3,
3,
3,
3,
3,
3,
3,
3,
3,
3,
3,
4,
4,
4,
4,
4,
4,
4,
4,
4,
4,
4,
4,
4,
4,
4,
4,
4,
4,
4,
4,
5,
5,
5,
5,
5,
5,
5,
5,
5,
5,
5,
5,
5,
5,
5,
5,
5,
5,
0,0
