0 4
0 1
0 2
1 4
1 5
1 6
1 2
2 6
2 3
3 6
4 7
4 5
5 8
5 9
5 6
6 9
6 10
7 11
7 12
7 8
8 12
8 13
8 14
8 9
9 14
9 15
9 10
10 15
10 16
11 17
11 18
11 12
12 18
12 19
12 13
13 19
13 14
14 19
14 20
14 15
15 20
15 21
15 16
16 21
17 22
17 18
18 22
18 26
18 19
19 26
19 27
19 23
19 20
20 23
20 24
20 21
21 24
22 25
22 26
23 27
23 28
23 24
24 29
25 30
25 31
25 26
26 31
26 36
26 32
26 27
27 32
27 33
27 34
27 28
28 34
28 29
29 34
30 31
31 35
31 36
32 36
32 37
32 33
33 37
33 38
33 34
34 38
35 36
37 39
37 38
38 39
38 40
38 41
39 40
40 41
41 43
41 44
41 42
42 44
42 45
43 46
43 44
44 46
44 45
45 47
0,0
